00000000000000000000000000000000000000000000000000000000000111000000000000000000000000000000000000000000000000000000000000000000000000000000
00000000000000000000000000000000000000000000000000000000000111000000000000000000000000000000000000000000000000000000000000000000000000000000
00000000000000000000000000000000000000000000000000000000011111011000000000000000000000000000000000000000000000000000000000000000000000000000
00000000000000000000000000000000000000000000000000000000011111111000000000000000000000000000110001110000000000000000000000000000000000000000
00000000000000000000000000000000000000000000000000000000011011111000000000000000000000000001111001111100000000000000000000000000000000000000
00000000000000000000000000000000000000000000000000000000000111110000000000000000000000000111111001111100000000000000000000000000000000000000
00000000000000000000000000000000000000000000000000000111011111111000000000000000000000000111111001111100000000000000000000000000000000000000
00000000000000000000000000000000000000000000000000000111111111111111000111000000000000001111111111111110000000000000000000000000000000000000
00000000000000000000000000000000000000000000000000011111111111111111011111000000000000011111111111111110110000000000000000000000000000000000
00000000000000000000000000000000000000000000000000011111111111111011111110000000000000011111111110111110110001111100000000000000000000000000
00000000000000000000000000000000000000000000000000011111111111111011111111100000000000011111111111111111111111111100000000000000000000000000
00000000000000000000000000000000000110000000011001111111111111111111111111110000000111111111111111111111111111111000000000000000000000000000
00000000000000000000000000001111111111011110111001111111111111111111111111110111100111101111111111111111111111111000000000000000000000000000
00000000000000000000110110001111111111111111111001111111111111111111111110011111101111111111111111111111111111101100000000000000000000000000
00000000000000000001110110001111111111111111110110111111111111111111111111011111111111111111111111111111111011111111100000000000000000000000
00000000000000000001111110011111111111111111111111111111111111111111111111110111111111111011011111111111111111111111100000000000000000000000
00000000000000111111111111111111111111111111111111111111111111111101101111111111111111111111111111111111111111111111000000000000000000000000
00000000000000111111111111111111111111111111111111111111111111111111111111111111111111111111111111011111111111110110000000000000000000000000
00000000000000011111111111111111111111111111111101111111111111111111110111101111111110111111111111111111111111111111111000000000000000000000
00000000000000011111111111011111111111111111111111111111111110111111111111111111111111111111111111111111111111111111111000000000000000000000
00000000000000011111111111111111111111111111111111111111111111111111111111111111111111110111111111111111111111111111111000000000000000000000
00000000000000011111111111111111111111111111111111111101111111111111111111111111111111111111111111111111111111111111111110000000000000000000
00000000000011011111111111111111111111111111111111111111111111111111111111111111111111111111110111111111111111111111111110000000000000000000
00000000000111111111111111111111111111111111111111111111011111111111111111111111111111011111111111111111111111111111111110011001100000000000
00000000000111111101111111111111111111111111111111111111111111111111111111111111111111111111111111111111111111111111111111111111110000000000
00000000000111111111111111111110111111111111111111111111101111111111111111111111111011111111111111111111101111111111110011111111110000000000
00000000000001101111111111111111111111111111111110110111111111011111111111111111111111111110111111111111111111111111111111111111111000000000
00000000110011111111111111111111110011111111111111111111111111111111111111110111111111111111111111111101111111111111111111111111111000000000
00000001111111111111111011111111111111111111111111111111111111101111011111111111111111111111111111110111111111111111111011111111110000000000
00000001111111111111111111111111111111111111110111111111111111111111111111111111111111111110111111111111111011111111111111111111110000000000
00000001111111111111111111111111111111111111111111111011111011111111111111111111111111111111111111111111111111111111111111111110110000000000
00000001111111111101111101111111111111111011111011111111111111111110111111111111111111111111111111111111111111111111111111111000000000000000
00000001111110111111111111111111111111111111111110111111111111111111111111110110111101111111111111111111111111111111111111110011100000000000
00000000111111111111111110111111111111111111111111111111111111111111111111111111111111111111011111111111111111111111111111111011100000000000
00011111111111111111110111111111111111111111111111111111110111111011111111101111111111111111111111111111101111111111111111111111100000000000
00011111111111111111111111111111111111111111111111111111111111111111111111111111111111111111111111111111111111111111111111011111100000000000
00000011111111111111111111111111111111111111111111111111111111111111111110111111111111111111110011111111011111111111111111111100000000000000
00000011111111111111111111111111111111111111111111011111111111111110111111111111111111111111111111111111111111111011111111111110000000000000
00001111111111111110111111111111111111111011111111111101111101111111111111111111111111111111111111011111111111111111111111111111100000000000
00001111111110111111111111110111111111111111111111111111111111001111111111101111111111111111111111111101111111111111111111111111100000000000
00000111111111111111111111011111111111111111011111111111101111111111111111111111111111111111111111111111111111111111111111111111100000000000
00000000111111111111111111111111111111111111111111111111111111111101111111111111111111111111111111111111111111111111011111111111110000000000
00000001111110111111111111111111111111111111101111011111111111111111111111111111111111111111111111111111111111111111111111100111111000000000
00000111110111111111111111111111111111111111111111111111111111111111111111111111111111011111111111111111110111111111111111100011111000000000
00000111111111111101111111111111111111111111111111111111111111111111111111111111111111111011111111111111111111111111111111110011110000000000
00000001111111111111111111111101111111111011111111011111111111111111111111111111111111111111111111111111111111111111111111110011110000000000
00000001111111111111111111111111111111111111111111111111111111111011111111110011011111111111111111111111111111111101111111110011000000000000
00000000011111111111111111111111111111111111111111111111111111111111111111111111111111111111111101111111111111101111111111111110000000000000
00000000111111111111111111111111111111111111111111111111111111110111111110111111111111111111111111111111111111111111111111111111100000000000
00000000111111111111111111111111111111111111111111111111111011111111111111111111111111111111111111111111111111111111111111111111100000000000
00000000000011111111111111111111111111111111101111111111111111111111111111111111111111111111111111111111111110111111111111111111100000000000
00000000000011111111101111011111111111111111111111111111111111111111111111111111111111111111101111111111111101111111111111111111000000000000
00000000000001111111111111111111111111111111111111111111111111111111111111111111111111111111111111111111111111111011111111111110000000000000
00000000000111111111111111111011111111111111101111111111111111111111111111111111111111111111111111111111111111111111111111111111110000000000
00000000000111111111111110111111111111111110110111111111111111111111111111111111111111111111111011111111111111011111111011111111110000000000
00000000000111111101111111111111111111111111111111111111111111111111111110111111111111111111111111111111111111111111111111111111111000000000
00000000000111111111111111111111111111111111111111111111101111111111111111111111111111111111111111111111111111111111111111011111111000000000
00000000000111101111111111111111011111111111111111111111111111011111111111111111101111110111111111111111111111110111111111111111110000000000
00000011011111111111110111111111111111111111111111111111110111111111111110111111111111111111011111111111111111111111011111111111110000000000
00001111011111111111111111111011111111111111101111111111111111111111111111111111111111111111111111111111111111111111111111111110110000000000
00001111101101111111111111111111111111111111111111101111111101111111111111111111111111111111111101111111111111011111111111111111110000000000
00001111111111111111111111111111111111111111111111111111011111111111111111111111111111111111111111111111110111111111011111111111000000000000
00000111111111101110111111111111111111111111111111111111111111111011011111111111111111111111111111111111111111111111111111111110000000000000
00000000111111111111101101111111111111111111111111111111111111100000001111011111111111111111011111111111111110111111111011111111000000000000
00000000001111111111111111011111101111111101111111111100111111000000000011011111111111111111111111111111110111111110111111111111000000000000
00000001111111111111111111111111111111111111111111110011111111000000000000011111111111011111111111111111111111111111111111111111100000000000
00000001111111111111111111111111111111111111111111111111111110000000000000001111111111111111110111111111111111111111111111111111100000000000
00000000001111111111111111111111111111111111111111111111001100000000000000000011101111111111111111111111111111111111101111111101100000000000
00000000001111111111111101111111111111111111111011111111111000000000000000000011111111111111111111111111111111111111111111111111100000000000
00000000001111111111111111111111111111111111111111111111111000000000000000000011111111111111111111111011011111111101111111111111100000000000
00000000011111111111111111101111110111110111111111111111111000000000000000000001111111111111111111111111111111111111111111111111000000000000
00000000011111111111111101111111111111111111111111111111111000000000000000000001111111111111101101111111111111111111111111111111000000000000
00000000111111111111111111111111111111111111111111111111111000000000000000000011111111111111111111111111111111111111111111111111100000000000
00000000111111111111111111111111101111111111111111111111111000000000000000000011111111111111111111111111110111111111111111111111100111000000
00000000001110111111011111111111111111111111111111111110110000000000000000000001111111111101111111111111111111111111111111111111110111100000
00000000001111111111111111111111111111111111101111111111111110000000000000000001111111111111110111111111111111111111111111111111111111100000
00000000000111111111111111111111111111111111111111111111111110000000000000000001111111111111111111111101111111111111111111111011111111000000
00000000011111111111111111111111110111111101111111111101101111000000000000000111111111111111111111111111111111111111111111111111111111111100
00000000011111111111111111111111111111111111111111111100111111011000000001111111111111101111111111111111111111111111111111111111111111111100
00000000011111101111111111111111111111111111111111101111111111111000000001111111111111111111111111111111111111111111111111111111111111111100
00000000000011111111111111111111111111111101111111111111111111111000000001111111111111111111111111111111111111111111111111110111111111110000
00000000000011111111011111111111111111111111111111011111111111111110000111111011111011111111111111111111111111111111111111111111111111110000
00000000000001111111111111111111111111111111111111101111111110111111100111111111111111111111111111111111111111111111111111111111111111100000
00000000000000111111111111111111111111111111111111111111111110011111111111111111011111111111111111111111111111111011111111111111111011100000
00000000000000111011111111111111111111111111011011111111111100011111111111111100111111111101111111111110111111111111111111111111111111100000
00000000000000011111101111111111111111111111111111111111111110111111111111111110111111111111111111011111111111111111111111111111011110000000
00000000000111111111111111111111111111111111111111111111111111111111111111111111111111111111110111111111111111111111111111111111111100000000
00000000000111111111111111111111111111111011111111111111111111111111111111111111111111111111111111111111111111111111111111111111111000000000
00000000000000111111111111111101111111111111101111111111111111101111111111111111111111111111101111111111111111111111111111111110111100000000
00000000001111111111111111111111111111111111111111111111111111111111111111111101111111111111111111111111111111111111111111111111111100000000
00000000001111110111111111111111111111111111111111111111111111111111111111111111111111111111111111111111111111111111111111111111100000000000
00000000000111111111111111111101111111111101111110111111111111111111111111111111111111111111101111111111111111111111111111111111110000000000
00000000000011111111111110111111111111111111111111111111111111111111111111111110111111111111111111101101111111111111111111111111110000000000
00000000000011111111111111111111111111111111111111111101111110111111111111111111111111111011111111111111111111111111111111111111000000000000
00000000001111111111111111011111111111111111011111111111111111111111111111111111111111111111111111111111111111111111111111111110000000000000
00000011011111111011111111111111011111111111110111111111111111111111111111111111111111111111011111111111111111101101101111111111100000000000
00000011111111111111111111111111111111011111111111111111111110111111111111111111111111111111111111111111111111111111111111111111100000000000
00000011111111111111111111111111111111111111111111111111111111011111111111111111111011111111111111111111111111111111111111111110000000000000
00011111111111111110110111111111110111111111111111111111111111111111111111111111111111111111111111111011011111111111111111111100000000000000
00011111111111110111111111111111111111111111111111111011111110111111111111111111111111111111011111111110111111111111111111111100000000000000
00111111111111111111111111111110111111111111111111111111111111111111111111111111111111111111111111111111111111111111111111011100000000000000
01111111111111111111111111111111111111111111111111111111111111111111111111111111111111111111111011111111011111111111111111111100000000000000
01111111111111111111111111111111110111111111111111111011111111011111111111111111111111111111111111111101111111111111111111111110000000000000
00001111111111111111111111111011111111111111111111111111111111111111111111111111111111111111111111111111111111111111111111111111000000000000
00001101111111111111111111111111111111111111111111111111111111111111111111111111111110011111101111101111111111111111111111111111000000000000
00001111111111111111111111111111011111111111111111111111111111111111111111111111111111111111111111111111111111111111111111111011000000000000
00001111111111111111111111111111111111111111111111110111111111101111111111111111111111111111111111111111111111111111101111110000000000000000
00001111111111111111111110111111111111111111111111111111111111111111111111111111111111111111111111111111111101111111111111110000000000000000
00000011111111111111111111111111111111111111111111111111101111111111111111111111111111111011111110111011111111111111111111011000000000000000
00000011111111111111111111110111111101111111111111111111111111111011110111111111111111111111111111111111111111111111111111111111000000000000
00000001111111111111111110111111111111111111111111111111111101111111111111111111111111111111111111111111111111111111111111111111000000000000
00000011111111111111111111111111111111111111111111111111111011111111111110111111111111111011111011111111111111111111111111111000000000000000
00000011101111111111111111111111111111111111011111111111111111111111111111111101111111111111111111111111111111011111111111100000000000000000
00000000001111111111111111111111111111111111111110110111111111111111111111111111111111111111111111111111111111111111111111100000000000000000
00000000001111111111110111110111111111111111111111111111111111111111111101101111111111110011110111111111111111111111111011000000000000000000
00000000001111111111111111111111111111111011111101111111111101111111111111111111110111111111111011111111111111111111111111100000000000000000
00000000000011111111111111111111111111111111111111111101111111111111111111111111111111111111111111101111111111111111111111100000000000000000
00000000000011111111111111111111111111111111111111111111111111111111111100111111111111111111111111111111111111111111111111000000000000000000
00000000000000001111111111111111111111111111111111111111111111111111111110111111111111111111111111111111011111111111111100000000000000000000
00000000000000000011111111111111111111111111111111111111111111111111111111111111111111111111111111011111111111111111101100000000000000000000
00000000000000000001111111111111111111111111111111111111111111111101111111111111111111111111011111111111101111111111100000000000000000000000
00000000000000000001111111111111111111111111011111111111111111111111111011111111111111111111111011111111111111111111110000000000000000000000
00000000000000000001111001111111111111111111111111111111111111111111111111111111111111111011111111111111111111111111110000000000000000000000
00000000000000000001111111111111111110111111111111011011111111110111111111111111111111110111111111011111111111111111100000000000000000000000
00000000000000000000011111111111111111111111111111111111111111111111111111011111111111111111111111101111111111111111000000000000000000000000
00000000000000000000011111111111011111111111111111111111111111111111111111011101111111111111111111111111111111111111000000000000000000000000
00000000000000000000000111111111111110111110111111111111111011101100111100000001111111111111111111111111110111111110000000000000000000000000
00000000000000000000000111110111111111111101111111111111110111101100111110000000111111101110111111101111111111100000000000000000000000000000
00000000000000000000000111111111111111111111111111101111111111011100111110000000111111000000111111011111111111100000000000000000000000000000
00000000000000000000000000111111111110110011101111111011111110011100000000000000011111000000011111111111100011000000000000000000000000000000
00000000000000000000000000000110011110000001111111111111000000001100000000000000011110000000001111101100000000000000000000000000000000000000
00000000000000000000000000000110011110000001111111111111000000000000000000000000000000000000001111001110000000000000000000000000000000000000
00000000000000000000000000000000011110000000111101111000000000000000000000000000000000000000000000001110000000000000000000000000000000000000
00000000000000000000000000000000001100000000011111111000000000000000000000000000000000000000000000000000000000000000000000000000000000000000
00000000000000000000000000000000000000000001111111111100000000000000000000000000000000000000000000000000000000000000000000000000000000000000
00000000000000000000000000000000000000000001111111111100000000000000000000000000000000000000000000000000000000000000000000000000000000000000
00000000000000000000000000000000000000000000011111100000000000000000000000000000000000000000000000000000000000000000000000000000000000000000
00000000000000000000000000000000000000000000000011000000000000000000000000000000000000000000000000000000000000000000000000000000000000000000
00000000000000000000000000000000000000000000000011000000000000000000000000000000000000000000000000000000000000000000000000000000000000000000
00000000000000000000000000000000000000000000000000000000000000000000000000000000000000000000000000000000000000000000000000000000000000000000
